2584.46733524
2712.52591524
2783.56302524
2911.65798524
2968.67944524
3154.75875524
3241.79078524
3312.82789524
3383.86500524
3486.87419524
3649.93752524
3752.94671524
3881.00529524
3952.04240524
4055.05159524
4168.13565524
4299.17614524
4413.21907524
4576.28240524
4677.33008524
4776.39849524
4879.40768524
4980.45536524
5094.49829524
5193.56670524
5379.64601524
5436.66747524
5564.76243524
5677.84649524
5776.91490524
5875.98331524
5978.99250524
6093.03543524
6196.04462524
6253.06608524
6366.15014524
6437.18725524
6584.25566524
6713.29825524
6850.35716524
6978.41574524
7115.47465524
7252.53356524
7415.59689524
7552.65580524
7653.70348524
7816.76681524
7919.77600524
8056.83491524
8169.91897524
8268.98738524
8406.04629524
8521.07323524
8649.16819524
8835.24750524
8906.28461524
8993.31664524
9124.35713524
9225.40481524
9338.48887524
9485.55728524
9586.60496524
9701.63190524
9788.66393524
9902.70686524
9999.75962524
10155.8607352
10341.9400452
10428.9720752
10542.0561352
10613.0932452
10684.1303552
10785.1780352
10899.2209652
11062.2842952
11190.3428752
11247.3643352
11350.3735252
11447.4262852
11610.4896152
11667.5110752
11798.5515652
11911.6356252
12097.7149352
